timer	pos	dir	vel	steering	steering_input	brake	brake_input	throttle	throttle_input	wheelspeed	vel_kmh	is_oob	oob_counter	max_oob_percentage	oob_distance
0	(2.0239598751068115, 2.480642318725586, -28)	(0.009620939381420612, 0.9999536871910095, 0)	(0, 0, 0)	0	None	0	None	0	None	0	0	False	0	nan	1.9979954041038714
0.20000000298023224	(2.0237090587615967, 2.4826998710632324, -27.96965217590332)	(0.008625304326415062, 0.9999472498893738, -0.0055890618823468685)	(-0.02517121471464634, 0.10641635209321976, 0.16042937338352203)	-55.774413336229784	0.13118484069510994	0	0	0.9790187190297066	0.9790187190297066	0.07358067497559924	1	False	0	nan	1.9977213303983021
0.4425000101327896	(2.025085687637329, 2.6109354496002197, -27.850631713867188)	(0.008996253833174706, 0.9999281167984009, -0.007916645146906376)	(0.02595180831849575, 0.8237960338592529, 0.9224376678466797)	-70.06153732538193	0.13737556338310242	0	0	0.9795279545851752	0.9795279545851752	2.834820138169972	4	False	0	nan	1.9976391873944195
0.6797500252723694	(2.038425922393799, 2.835742950439453, -27.740880966186523)	(0.016972549259662628, 0.9998524188995361, -0.002649226924404502)	(0.07574457675218582, 1.3091695308685303, 0.01696055568754673)	-68.85089188814202	0.1350017488002777	0	0	0.9561745278208668	0.9561745278208668	3.7625391578725123	5	False	0	nan	1.9919123793689983
0.9140000343322754	(2.066351890563965, 3.309713840484619, -27.758628845214844)	(0.026083284988999367, 0.9995137453079224, 0.017086714506149292)	(0.16771066188812256, 2.8078179359436035, -0.045571547001600266)	-60.582824349467295	0.11878985166549683	0	0	0.9458889711412892	0.9458889711412892	3.9206167281008337	10	False	0	nan	1.970083298632308
1.1507500484585762	(2.126828193664551, 4.161458969116211, -27.761178970336914)	(0.04565691202878952, 0.9987449645996094, 0.02059360221028328)	(0.3303415775299072, 4.384357452392578, 0.03551292046904564)	-56.76277913153166	0.11129956692457199	0	0	0.8276124064024027	0.8276124064024027	6.253284772809076	16	False	0	nan	1.9209065193882615
1.388500064611435	(2.2279274463653564, 5.398308277130127, -27.7596435546875)	(0.07272311300039291, 0.9971529841423035, 0.019933994859457016)	(0.5698729753494263, 5.984789848327637, 0.0296403206884861)	-40.35441599786242	0.07912630587816238	0	0	0.5841390277180756	0.5841390277180756	6.784395345760646	22	False	0	nan	1.8376686887641995
1.6255000792443752	(2.387357234954834, 6.95737361907959, -27.761083602905273)	(0.09520481526851654, 0.9953833222389221, 0.012171262875199318)	(0.772644579410553, 6.927065849304199, -0.029519952833652496)	-33.11976380646258	0.06494071334600449	0	0	0.22138270375011215	0.22138270375011215	7.185084787523748	25	False	0	nan	1.702915596052667
1.8625000938773155	(2.586980104446411, 8.588834762573242, -27.76917266845703)	(0.11554741859436035, 0.9932861924171448, -0.005597595125436783)	(0.8856559991836548, 6.690855026245117, -0.03448285162448883)	-30.659682713485502	0.060117024928331375	0	0	0	0	6.758921291389701	24	False	0	nan	1.531165505508687
2.098000105470419	(2.7746965885162354, 10.165841102600098, -27.77225112915039)	(0.11687788367271423, 0.9931037425994873, -0.009196347557008266)	(0.6799882054328918, 6.7815260887146, 0.02274937927722931)	37.02612135820861	-0.07260023802518845	0	0	0.07312920543868606	0.07312920543868606	6.743311483108088	25	False	0	nan	1.3720544399035504
2.333750117570162	(2.897033929824829, 11.723938941955566, -27.774682998657227)	(0.08684208989143372, 0.9961397647857666, -0.012812021188437939)	(0.33461230993270874, 6.490329265594482, -0.008276350796222687)	78.22050006838609	-0.15490952134132385	0	0	0	0	6.363323684169685	23	False	0	nan	1.2792829063684494
2.5692501291632652	(2.93699312210083, 13.271265029907227, -27.771852493286133)	(0.04138297587633133, 0.9991081357002258, -0.008391134440898895)	(0.00685953488573432, 6.681176662445068, 0.005680577829480171)	80.45945137736352	-0.15776363015174866	0	0	0.12871063700134222	0.12871063700134222	6.724782167838351	24	False	0	nan	1.2697332782331654
2.8032501377165318	(2.9287703037261963, 14.842012405395508, -27.77016258239746)	(0.0072357505559921265, 0.9999434351921082, -0.007787155918776989)	(-0.08067018538713455, 6.696665287017822, -0.014411111362278461)	31.85898955911409	-0.06246860697865486	0	0	0.07449767314214639	0.07449767314214639	6.673438683773762	24	False	0	nan	1.3094942695189333
3.038750149309635	(2.9193546772003174, 16.42561149597168, -27.768918991088867)	(-0.002114580711349845, 0.9999648928642273, -0.008109023794531822)	(-0.01597023755311966, 6.717825889587402, 3.7375371903181076e-05)	-1.1826423648745459	0.0023189065977931023	0	0	0.07839462267219077	0.07839462267219077	6.732083668593869	24	False	0	nan	1.3510519971975699
3.2742501609027386	(2.9242868423461914, 18.010997772216797, -27.76846694946289)	(0.002162741497159004, 0.9999633431434631, -0.008291147649288177)	(0.08297855406999588, 6.760985374450684, 0.008532645180821419)	-11.91875584423554	0.023370109498500824	0	0	0.07785383798202816	0.07785383798202816	6.865095785877008	24	False	0	nan	1.3783408837616054
3.5110001750290394	(2.9385037422180176, 19.615354537963867, -27.768661499023438)	(0.007266586646437645, 0.9999396204948425, -0.00823826715350151)	(0.06375528872013092, 6.803618431091309, -0.00648816954344511)	-5.3444849420431355	0.010479382239282131	0	0	0.078290182547883	0.078290182547883	6.865682237982919	24	False	0	nan	1.396460249744269
3.7470001876354218	(2.9548990726470947, 21.229665756225586, -27.768749237060547)	(0.009758969768881798, 0.9999167919158936, -0.00844374019652605)	(0.054694220423698425, 6.828089237213135, 0.01124232355505228)	-1.8369425553830079	0.0036018481478095055	0	0	0.07838702668992015	0.07838702668992015	6.863919263795525	25	False	0	nan	1.411898104610292
3.9805001951754093	(2.972933053970337, 22.786523818969727, -27.77112579345703)	(0.01134270429611206, 0.999858558177948, -0.012418614700436592)	(0.06801766902208328, 6.508414268493652, -0.013512934558093548)	-2.3625284526495807	0.004632408730685711	0	0	0	0	6.534014460660391	23	False	0	nan	1.4236021526731788
4.215750206261873	(2.988159418106079, 24.347074508666992, -27.768918991088867)	(0.010350450873374939, 0.999919593334198, -0.00733002508059144)	(0.03222856670618057, 6.81594181060791, -0.004060998093336821)	5.847423104569316	-0.011465535499155521	0	0	0.15346854149571754	0.15346854149571754	6.924465499945958	25	False	0	nan	1.4366865120336092
4.449000213295221	(3.0000998973846436, 25.91516876220703, -27.771228790283203)	(0.008443041704595089, 0.9999014139175415, -0.01122418325394392)	(0.035758908838033676, 6.528347492218018, -0.013915256597101688)	1.456769155338552	-0.0028564101085066795	0	0	0	0	6.584225973468277	24	False	0	nan	1.431234477625725
4.683000221848488	(3.0000107288360596, 27.440725326538086, -27.77095603942871)	(0.0018933832179754972, 0.999947726726532, -0.010044686496257782)	(-0.06278835237026215, 6.58817720413208, 0.014898313209414482)	25.057949200272574	-0.04913323372602463	0	0	0.07598592534362392	0.07598592534362392	6.613931228674222	24	False	0	nan	1.3854633882644087
4.918500233441591	(2.9580681324005127, 28.98845672607422, -27.772275924682617)	(-0.019943810999393463, 0.9997540712356567, -0.009695195592939854)	(-0.29813316464424133, 6.562885284423828, 0.012240907177329063)	60.3708222856081	-0.11837416142225266	0	0	0.06438755790757855	0.06438755790757855	6.497627895601195	24	False	0	nan	1.3294776003269861
5.153000243008137	(2.8442578315734863, 30.514068603515625, -27.773326873779297)	(-0.060700319707393646, 0.9981058835983276, -0.010007397271692753)	(-0.6464987397193909, 6.473603248596191, 0.004139485768973827)	84.17062103748324	-0.16504043340682983	0	0	0.05116165534088579	0.05116165534088579	6.448832491527618	23	False	0	nan	1.3088935208850998
5.387000251561403	(2.668977975845337, 32.0544548034668, -27.769922256469727)	(-0.09918574243783951, 0.9950504899024963, -0.006069588474929333)	(-0.8019842505455017, 6.727759838104248, 0.006189453415572643)	47.66600646078601	-0.0934627577662468	0	0	0.1448647129107279	0.1448647129107279	6.827807104660527	24	False	0	nan	1.322244412011619
5.62075025960803	(2.4686481952667236, 33.63420486450195, -27.76915168762207)	(-0.11839424818754196, 0.9929412603378296, -0.007102860137820244)	(-0.8487521409988403, 6.7490129470825195, -0.0019438436720520258)	16.598005257546788	-0.03254510834813118	0	0	0.07734081592260844	0.07734081592260844	6.867192730510221	24	False	0	nan	1.3407697978897457
5.855750270187855	(2.264568567276001, 35.229488372802734, -27.768970489501953)	(-0.12437308579683304, 0.9922027587890625, -0.008060963824391365)	(-0.881834089756012, 6.785881996154785, -0.0006109700771048665)	3.9467954915131425	-0.007738814689218998	0	0	0.07834011074720593	0.07834011074720593	6.847744241461341	25	False	0	nan	1.3570125281242338
6.092500284314156	(2.0794548988342285, 36.80094909667969, -27.770334243774414)	(-0.11771590262651443, 0.9929700493812561, -0.0123843252658844)	(-0.7190626859664917, 6.450486660003662, 0.00023269327357411385)	-24.247321598159033	0.04754376783967018	0	0	0	0	6.4351909896236545	23	False	0	nan	1.3659205209572791
6.3272502943873405	(1.9315385818481445, 38.33625030517578, -27.767642974853516)	(-0.10102827101945877, 0.9948545098304749, -0.007594341412186623)	(-0.6067224740982056, 6.723579406738281, -0.02264036424458027)	-32.377545833523136	0.06348538398742676	0	0	0.14956960601996894	0.14956960601996894	6.930132878538894	24	False	0	nan	1.362122371311877
6.560750301927328	(1.8202160596847534, 39.91703796386719, -27.767560958862305)	(-0.07714097201824188, 0.9969862103462219, -0.008232129737734795)	(-0.39057835936546326, 6.752487659454346, -0.021009434014558792)	-44.51951690018199	0.08729317039251328	0	0	0.07077990240282372	0.07077990240282372	6.911495504698008	24	False	0	nan	1.3522215674123994
6.793750308454037	(1.7660317420959473, 41.49217224121094, -27.76729965209961)	(-0.04372743144631386, 0.9989994764328003, -0.009381793439388275)	(-0.10009326785802841, 6.709961891174316, -0.011101145297288895)	-65.73413193225828	0.12889045476913452	0	0	0.06178725066940571	0.06178725066940571	6.885568138841485	24	False	0	nan	1.3366387837615532
7.029750321060419	(1.7909144163131714, 43.07162857055664, -27.767322540283203)	(0.0029754501301795244, 0.999942421913147, -0.010307705029845238)	(0.2696467339992523, 6.598604202270508, -0.0002674942370504141)	-83.8982592522551	0.16450639069080353	0	0	0.051337647421884736	0.051337647421884736	6.84151524820245	24	False	0	nan	1.3159371571223288
7.267000336199999	(1.9150158166885376, 44.60301971435547, -27.767566680908203)	(0.06265591830015182, 0.9979572296142578, -0.01247872319072485)	(0.7894701957702637, 6.296621322631836, -0.019360193982720375)	-122.92384461835742	0.24102714657783508	0	0	0.020305914612546827	0.020305914612546827	6.456104472474664	23	False	0	nan	1.309122712046722
7.503250349313021	(2.1681840419769287, 46.03342819213867, -27.766971588134766)	(0.1449151337146759, 0.9893438220024109, -0.014083792455494404)	(1.4158875942230225, 5.837992191314697, 0.007696074899286032)	-173.40715550412256	0.35988815707580507	0	0	0.015163904327251565	0.015163904327251565	6.080060379122489	22	False	0	nan	1.289184945307963
7.737500358372927	(2.58089017868042, 47.33466720581055, -27.766149520874023)	(0.25428375601768494, 0.9670254588127136, -0.01419841405004263)	(2.1409969329833984, 5.276271343231201, -0.010289663448929787)	-225.7437154104403	0.4486326277256012	0	0	0.02432876534002215	0.02432876534002215	5.954053279418963	20	False	0	nan	1.2762628797088076
7.971500366926193	(3.170189380645752, 48.55625915527344, -27.763324737548828)	(0.37716910243034363, 0.9261102080345154, -0.00795470830053091)	(2.9722468852996826, 5.197476387023926, 0.0013079571072012186)	-233.80274623632394	0.4584367573261261	0	0	0.14983573953230644	0.14983573953230644	6.257324963996004	22	False	0	nan	1.2952858364890678
8.206250376999378	(3.9501707553863525, 49.68486404418945, -27.764694213867188)	(0.5122079849243164, 0.8587568998336792, -0.013399128802120686)	(3.629302501678467, 4.200923442840576, -0.001179809682071209)	-298.9112301896754	0.6123134331140803	0	0	0	0	5.969012782727501	20	False	0	nan	1.4990616675940382
8.440750386565924	(4.860884189605713, 50.54976272583008, -27.766202926635742)	(0.6527474522590637, 0.7574138641357422, -0.015652600675821304)	(4.060266017913818, 3.2135016918182373, 0.004086383152753115)	-317.4678575992582	0.6224859952926636	0	0	0	0	5.4471214266158965	19	False	0	nan	1.7217482237023773
8.67450039461255	(5.877246856689453, 51.24964141845703, -27.76535415649414)	(0.7619757652282715, 0.6475347876548767, -0.009570845402777195)	(4.660471439361572, 2.769937515258789, -0.003083342919126153)	-287.02805578708626	0.5628001093864441	0	0	0.10565603687460656	0.10565603687460656	5.798327716015145	20	False	0	nan	1.8875782152205056
8.910500407218933	(7.049686908721924, 51.86455154418945, -27.76457977294922)	(0.8461769819259644, 0.5328792929649353, -0.004926540423184633)	(5.265903949737549, 2.3853273391723633, 0.0026112860068678856)	-236.9161015749596	0.46454137563705444	0	0	0.14420131032123296	0.14420131032123296	6.101527949860711	21	False	0	nan	1.9896632350598964
9.145750418305397	(8.345369338989258, 52.368690490722656, -27.764116287231445)	(0.9077892303466797, 0.4193974733352661, -0.004951718263328075)	(5.751389026641846, 1.848383903503418, 0.005367424804717302)	-218.8128393888474	0.42904478311538696	0	0	0.11032057408147067	0.11032057408147067	6.291469047732939	22	False	0	nan	1.9395129768608244
9.379250425845385	(9.739914894104004, 52.75965881347656, -27.765531539916992)	(0.9484815001487732, 0.3168117105960846, -0.0036120775621384382)	(6.202235221862793, 1.536699891090393, 0.020700538530945778)	-151.12532347440714	0.2963241636753082	0	0	0.13779199002212916	0.13779199002212916	6.590736212731681	23	False	0	nan	1.9742189204116678
9.61375043541193	(11.242008209228516, 53.09172058105469, -27.766605377197266)	(0.9697558879852295, 0.24404777586460114, -0.0037892216350883245)	(6.573415279388428, 1.3026903867721558, 0.004058121237903833)	-91.34209781885113	0.17910215258598328	0	0	0.12152241893906712	0.12152241893906712	6.841323842601032	24	False	0	nan	1.9397528059363593
9.847000442445278	(12.786945343017578, 53.39060974121094, -27.76877212524414)	(0.9789494872093201, 0.203994482755661, -0.006640118546783924)	(6.666958808898926, 1.240186333656311, 0.008833907544612885)	-34.79183748364426	0.06821928918361664	0	0	0.07374612858328211	0.07374612858328211	6.801771955094468	24	False	0	nan	1.827863877772454
10.084000457078218	(14.378283500671387, 53.69980239868164, -27.769685745239258)	(0.9808835983276367, 0.19443240761756897, -0.007959995418787003)	(6.7071213722229, 1.3576101064682007, 0.007202498614788055)	5.181847019120872	-0.010160484351217747	0	0	0.0782967645577487	0.0782967645577487	6.972995046280529	25	False	0	nan	1.7125476270795468
10.321750473231077	(15.937409400939941, 54.03033447265625, -27.772972106933594)	(0.9787293076515198, 0.20477178692817688, -0.012544399127364159)	(6.369082927703857, 1.4425694942474365, -0.0006575779989361763)	37.646445656365316	-0.07381656020879745	0	0	0	0	6.614315312624749	24	False	0	nan	1.605432458827879
10.556750483810902	(17.410429000854492, 54.39948654174805, -27.77375602722168)	(0.9722274541854858, 0.23371748626232147, -0.012243441306054592)	(6.2201056480407715, 1.7565457820892334, -0.0017310157418251038)	81.43499435309715	-0.17057278752326965	0	0	0.04930492415654153	0.04930492415654153	6.254193412286741	23	False	0	nan	1.5206480363709347
10.790750492364168	(18.86533546447754, 54.866092681884766, -27.77400779724121)	(0.9577997326850891, 0.28730687499046326, -0.008617134764790535)	(6.219069004058838, 2.264747142791748, 0.00914817489683628)	117.43572324514382	-0.23026612401008606	0	0	0.10057751213337163	0.10057751213337163	6.590633724345153	24	False	0	nan	1.4758469446302587
11.024500500410795	(20.261322021484375, 55.44564437866211, -27.7772274017334)	(0.9331083297729492, 0.3593747913837433, -0.012598186731338501)	(5.7053399085998535, 2.696617603302002, 0.02371823601424694)	147.80718952417357	-0.28981801867485046	0	0	0	0	6.112509678982526	23	False	0	nan	1.4747659049109092
11.256000507622957	(21.50858497619629, 56.120826721191406, -27.778717041015625)	(0.8967229127883911, 0.44234248995780945, -0.01487374771386385)	(5.079155445098877, 3.1502633094787598, -0.002913464093580842)	190.89284648391202	-0.3857792317867279	0	0	0.0047743843220420246	0.0047743843220420246	5.931386676735315	22	False	0	nan	1.517848102398518
11.491250518709421	(22.626205444335938, 56.92692947387695, -27.77909278869629)	(0.840864360332489, 0.5410484671592712, -0.01461633201688528)	(4.403002738952637, 3.642087697982788, -0.004675373435020447)	230.24888806667119	-0.45146840810775757	0	0	0.021776276480647283	0.021776276480647283	5.596362312894103	21	False	0	nan	1.6150249889828217
11.726250529289246	(23.60025405883789, 57.85282516479492, -27.777616500854492)	(0.768021285533905, 0.6403298377990723, -0.011000118218362331)	(3.909168243408203, 4.2382988929748535, 0.01826075278222561)	240.6561192870141	-0.47187474370002747	0	0	0.0717342262580335	0.0717342262580335	5.891650802554297	21	False	0	nan	1.746913757551693
11.960500538349152	(24.492504119873047, 58.91067886352539, -27.77465057373047)	(0.6893281936645508, 0.7244280576705933, -0.00552740041166544)	(3.736220121383667, 4.8336381912231445, -0.01232895627617836)	196.70947104692462	-0.3857048451900482	0	0	0.14563177239692104	0.14563177239692104	6.175183107468127	22	False	0	nan	1.8500792711914158
12.1937505453825	(25.311969757080078, 60.09408950805664, -27.775636672973633)	(0.6075093746185303, 0.7942878007888794, -0.0062604425475001335)	(3.2614259719848633, 5.313807964324951, -0.017811574041843414)	189.94837224483481	-0.37244778871536255	0	0	0.08688264468103668	0.08688264468103668	6.131393047060289	22	False	0	nan	1.855708388376628
12.427000552415848	(25.98893165588379, 61.36503219604492, -27.778839111328125)	(0.5120882987976074, 0.8588659763336182, -0.010706566274166107)	(2.4433722496032715, 5.517348289489746, 0.016839101910591125)	223.15387845039376	-0.4375566244125366	0	0	0.034144200432706384	0.034144200432706384	6.188716451741833	22	False	0	nan	1.8024990212919565
12.661500561982393	(26.461854934692383, 62.662376403808594, -27.77988052368164)	(0.3985670506954193, 0.9170331954956055, -0.0139409638941288)	(1.5959768295288086, 5.507214546203613, 0.01172912959009409)	240.44073164463038	-0.47145241498947144	0	0	0.003332620400595232	0.003332620400595232	5.429278182900297	21	False	0	nan	1.7766458308739026
12.896500572562218	(26.78738784790039, 64.00231170654297, -27.774246215820312)	(0.2931630611419678, 0.9560375213623047, -0.006899465341120958)	(1.2097331285476685, 5.991894245147705, -0.042630162090063095)	186.35195642709724	-0.36539599299430847	0	0	0.16088576830370338	0.16088576830370338	5.951456714196523	22	False	0	nan	1.7592600889513006
13.130250580608845	(27.029159545898438, 65.45602416992188, -27.77263832092285)	(0.20378544926643372, 0.9790099859237671, -0.0032868997659534216)	(0.8277019262313843, 6.4027204513549805, 0.00011553056538105011)	141.33536159992238	-0.2771281599998474	0	0	0.148799982935099	0.148799982935099	6.474128272247251	23	False	0	nan	1.7124514698749547
13.362750586122274	(27.18119239807129, 66.97061920166016, -27.772785186767578)	(0.129134401679039, 0.9916152954101562, -0.004833017475903034)	(0.42905575037002563, 6.578063488006592, -0.003769445000216365)	119.74941149353971	-0.23480276763439178	0	0	0.09846766031122978	0.09846766031122978	6.612322016117375	24	False	0	nan	1.6441921497786325
13.594500593841076	(27.248580932617188, 68.4918441772461, -27.773103713989258)	(0.06726113706827164, 0.9976989030838013, -0.008539830334484577)	(0.1286013424396515, 6.456805229187012, -0.00796984788030386)	92.03811407089242	-0.180466890335083	0	0	0.04583170149278515	0.04583170149278515	6.507998180011345	23	False	0	nan	1.565749014553877
13.828750602900982	(27.23857307434082, 70.03778839111328, -27.772300720214844)	(0.012598710134625435, 0.9998981356620789, -0.006707793101668358)	(-0.2446434646844864, 6.698591232299805, 0.0015170045662671328)	92.94921398162853	-0.18225336074829102	0	0	0.12038371249595325	0.12038371249595325	6.726890854594732	24	False	0	nan	1.4885968628469317
14.063750613480806	(27.142559051513672, 71.60786437988281, -27.77323341369629)	(-0.04318356513977051, 0.9990266561508179, -0.008982649073004723)	(-0.5727162957191467, 6.573492527008057, -0.0032110647298395634)	90.41426360607153	-0.17728286981582642	0	0	0.04697078406986477	0.04697078406986477	6.617468526104843	24	False	0	nan	1.4363951259541334
14.29875062406063	(26.977294921875, 73.14419555664062, -27.77227210998535)	(-0.09073015302419662, 0.9958311319351196, -0.009400669485330582)	(-0.8447684645652771, 6.522896766662598, 0.0032759413588792086)	71.9280199706553	-0.14103533327579498	0	0	0.05850903476778546	0.05850903476778546	6.593488852838268	24	False	0	nan	1.413525958553393
14.531000632792711	(26.772890090942383, 74.64618682861328, -27.77071762084961)	(-0.12292447686195374, 0.9923762083053589, -0.008882000111043453)	(-0.9304391145706177, 6.4813947677612305, -0.0018386696465313435)	39.97253648936753	-0.07837752252817154	0	0	0.07225696396234604	0.07225696396234604	6.516671963060418	24	False	0	nan	1.4056410000328443
14.761500645428896	(26.551788330078125, 76.1397476196289, -27.769901275634766)	(-0.13981622457504272, 0.9901426434516907, -0.00830954872071743)	(-1.0013810396194458, 6.506301403045654, 0.0014547015307471156)	20.47945708037547	-0.0401557981967926	0	0	0.0767875118711785	0.0767875118711785	6.625334910322219	24	False	0	nan	1.3995739746943434
14.993000652641058	(26.323530197143555, 77.65235137939453, -27.769424438476562)	(-0.1462394744157791, 0.9892180562019348, -0.007849170826375484)	(-0.9700316190719604, 6.524514198303223, 0.011852310970425606)	4.210125161335017	-0.008255147375166416	0	0	0.0783318525418143	0.0783318525418143	6.691735208662566	24	False	0	nan	1.3927086095112577
15.2287506647408	(26.091506958007812, 79.1985855102539, -27.76946258544922)	(-0.14746598899364471, 0.9890366792678833, -0.007765531539916992)	(-0.9623011350631714, 6.568815231323242, 0.003090347396209836)	0.23979040794079387	-0.0004701772704720497	0	0	0.07839977893333439	0.07839977893333439	6.739582576692602	24	False	0	nan	1.3906541483705053
15.464750677347183	(25.866846084594727, 80.75784301757812, -27.768966674804688)	(-0.14316698908805847, 0.9896674752235413, -0.007835638709366322)	(-0.9124127626419067, 6.609767913818359, 0.01221785880625248)	-12.241947501897606	0.02400381863117218	0	0	0.07782381669112182	0.07782381669112182	6.777432354707635	24	False	0	nan	1.3982218572172287
15.700000688433647	(25.66253089904785, 82.31483459472656, -27.768579483032227)	(-0.13261765241622925, 0.9911348223686218, -0.008023478090763092)	(-0.8320052623748779, 6.645427703857422, 0.013483896851539612)	-21.787884570658576	0.04272134229540825	0	0	0.0765748869124786	0.0765748869124786	6.821152263673216	24	False	0	nan	1.424083455649301
15.934500698000193	(25.4910888671875, 83.87794494628906, -27.767749786376953)	(-0.11386114358901978, 0.9934585094451904, -0.008710925467312336)	(-0.6498755216598511, 6.65646505355835, -0.013046365231275558)	-41.92146711051431	0.08219895511865616	0	0	0.07164333177740123	0.07164333177740123	6.825119900788973	24	False	0	nan	1.4697932513455054
16.169250708073378	(25.367883682250977, 85.44168090820312, -27.767797470092773)	(-0.08679088205099106, 0.9961842894554138, -0.00917122233659029)	(-0.4329664707183838, 6.658012390136719, 0.001823265221901238)	-47.341754660010295	0.0928269699215889	0	0	0.06978315365517651	0.06978315365517651	6.7731796050464315	24	False	0	nan	1.5427557132438356
16.403250716626644	(25.286069869995117, 87.006103515625, -27.768299102783203)	(-0.06050289794802666, 0.9981290102005005, -0.008815966546535492)	(-0.26684027910232544, 6.692299842834473, -0.015339773148298264)	-39.97794739902019	0.07838813215494156	0	0	0.0722553007372595	0.0722553007372595	6.784842726442179	24	False	0	nan	1.624000096227196
16.638750728219748	(25.24249267578125, 88.58602142333984, -27.768129348754883)	(-0.034886594861745834, 0.9993534684181213, -0.008688935078680515)	(-0.11210079491138458, 6.696558475494385, 0.006564945913851261)	-42.405720725655904	0.08314847201108932	0	0	0.07148633160222118	0.07148633160222118	6.739581303817382	24	False	0	nan	1.6444439697501427
16.87550074234605	(25.22836685180664, 90.1789779663086, -27.768526077270508)	(-0.015044162981212139, 0.9998486042022705, -0.00873737595975399)	(-0.030359487980604172, 6.742922782897949, -0.002388080582022667)	-25.03962278373088	0.049097299575805664	0	0	0.07598945517436362	0.07598945517436362	6.85007943966006	24	False	0	nan	1.6013980227659066
17.110000751912594	(25.229082107543945, 91.76687622070312, -27.768638610839844)	(-0.003318243660032749, 0.9999575018882751, -0.008604229427874088)	(0.05139652639627457, 6.797948360443115, 0.0017383525846526027)	-15.189061760902165	0.029782474040985107	0	0	0.07751300423999807	0.07751300423999807	6.918860190935108	24	False	0	nan	1.5212348575377217
17.346250765025616	(25.22992706298828, 93.37645721435547, -27.769304275512695)	(-0.000690766959451139, 0.999965250492096, -0.008317300118505955)	(-0.020888369530439377, 6.849476337432861, -0.0076835863292217255)	3.930767951531014	-0.007707388140261173	0	0	0.07834059616805533	0.07834059616805533	6.846695385331242	25	False	0	nan	1.428676053207971
17.579250771552324	(25.212444305419922, 94.93644714355469, -27.772384643554688)	(-0.009129942394793034, 0.9998815655708313, -0.012389898300170898)	(-0.11191808432340622, 6.540958404541016, -0.01460970938205719)	25.476057864725554	-0.04995305463671684	0	0	0	0	6.419609110965654	24	False	0	nan	1.3556139873466764
17.812750779092312	(25.167299270629883, 96.45930480957031, -27.77073097229004)	(-0.02430185303092003, 0.999649703502655, -0.010482381097972393)	(-0.2448892742395401, 6.5631842613220215, 0.009481051005423069)	27.302344366907878	-0.05353400856256485	0	0	0.07553410992722331	0.07553410992722331	6.680546280811207	24	False	0	nan	1.3194104409512613
18.049250792711973	(25.10860252380371, 98.01034545898438, -27.76949119567871)	(-0.03387606143951416, 0.9993889331817627, -0.008620526641607285)	(-0.25973692536354065, 6.572729110717773, 0.0003002443118020892)	9.013095460832233	-0.017672736197710037	0	0	0.07808767439528619	0.07808767439528619	6.6334160276776934	24	False	0	nan	1.3114466687896988
18.284750804305077	(25.05169677734375, 99.5616455078125, -27.768945693969727)	(-0.03551257401704788, 0.9993360638618469, -0.008142849430441856)	(-0.24645866453647614, 6.605852127075195, -0.003572277957573533)	-1.173560852185117	0.0023010997101664543	0	0	0.0783947049401239	0.0783947049401239	6.570286572286577	24	False	0	nan	1.3276935864686958
18.52025081589818	(25.010883331298828, 101.1196517944336, -27.76792335510254)	(-0.027822507545351982, 0.9995782971382141, -0.008323420770466328)	(-0.11578278243541718, 6.616118907928467, 0.009173003025352955)	-28.046557232737417	0.05499324947595596	0	0	0.07537574251207535	0.07537574251207535	6.610476289145815	24	False	0	nan	1.3700713954039738
18.75700083002448	(25.016843795776367, 102.68284606933594, -27.767391204833984)	(-0.003162762615829706, 0.9999513030052185, -0.00934936199337244)	(0.15567414462566376, 6.544867992401123, 0.032640282064676285)	-62.472972047144765	0.12249602377414703	0	0	0.06339472415952363	0.06339472415952363	6.68211464441902	24	False	0	nan	1.4196254903314305
18.99375084415078	(25.10096549987793, 104.2186279296875, -27.767528533935547)	(0.041077546775341034, 0.9991044998168945, -0.010139968246221542)	(0.5633425712585449, 6.40222692489624, -0.019434893503785133)	-88.45261126752376	0.1734364926815033	0	0	0.04831978300633888	0.04831978300633888	6.752476723272557	23	False	0	nan	1.4553350132471388
19.230000857263803	(25.286649703979492, 105.73196411132812, -27.76553726196289)	(0.10159698128700256, 0.9947881698608398, -0.008637801744043827)	(1.0576425790786743, 6.4366679191589355, 0.027249673381447792)	-126.38716886018919	0.2478179782629013	0	0	0.09218624964968813	0.09218624964968813	6.51352762164125	23	False	0	nan	1.468973123566375
19.46450086683035	(25.604570388793945, 107.21832275390625, -27.765609741210938)	(0.1826203167438507, 0.9831433892250061, -0.008881337940692902)	(1.667748212814331, 6.241870880126953, -0.014940246008336544)	-142.74535953998526	0.27989286184310913	0	0	0.07525998588927418	0.07525998588927418	6.676020158138832	23	False	0	nan	1.4660851393921175
19.699000876396894	(26.060583114624023, 108.65972137451172, -27.765832901000977)	(0.2720155715942383, 0.9622434377670288, -0.009749611839652061)	(2.2263078689575195, 6.021026134490967, 0.02248026430606842)	-153.05847734212873	0.3001146614551544	0	0	0.06353118997965801	0.06353118997965801	6.664775781946122	23	False	0	nan	1.4397828811491804
19.935250889509916	(26.661235809326172, 110.03982543945312, -27.766273498535156)	(0.3676142394542694, 0.9299122095108032, -0.01109292358160019)	(2.795217752456665, 5.587204456329346, -0.004707439802587032)	-170.55395454168348	0.33441951870918274	0	0	0.041763585506318535	0.041763585506318535	6.542298251295936	22	False	0	nan	1.4252338871832009
20.17025090008974	(27.39628028869629, 111.32653045654297, -27.765121459960938)	(0.4621250033378601, 0.8867776393890381, -0.008110892958939075)	(3.4764246940612793, 5.411705493927002, -0.03247416019439697)	-171.3384452462192	0.33595773577690125	0	0	0.11273239977165783	0.11273239977165783	6.7740956575997275	23	False	0	nan	1.4406446984093448
20.40375090762973	(28.26364517211914, 112.55474853515625, -27.76664924621582)	(0.5472135543823242, 0.8369494080543518, -0.00853557325899601)	(3.9441349506378174, 5.067065715789795, -0.00963401235640049)	-152.92027115821801	0.2998436689376831	0	0	0.06369377419798905	0.06369377419798905	6.806208765781058	23	False	0	nan	1.5003507349826977
20.638750918209553	(29.24152374267578, 113.70572662353516, -27.766239166259766)	(0.6223044395446777, 0.7827240228652954, -0.008955937810242176)	(4.34768009185791, 4.712555885314941, 0.013210315257310867)	-148.31426471471795	0.29081228375434875	0	0	0.0690282156175801	0.0690282156175801	6.4645091673831026	23	False	0	nan	1.5677870268636434
20.873750928789377	(30.31597137451172, 114.78340148925781, -27.766525268554688)	(0.6848435401916504, 0.7286494374275208, -0.007705796509981155)	(4.798679828643799, 4.465007781982422, 0.0033711367286741734)	-124.4337621331211	0.2439877688884735	0	0	0.0940699686328248	0.0940699686328248	6.806722061021627	24	False	0	nan	1.6155615719537368
21.107250936329365	(31.454792022705078, 115.78697204589844, -27.76824951171875)	(0.7339292764663696, 0.6791496872901917, -0.010168628767132759)	(4.910128593444824, 4.064909934997559, 0.013078607618808746)	-106.24397099018071	0.20832151174545288	0	0	0.03500214774408916	0.03500214774408916	6.642275898700397	23	False	0	nan	1.643777885271033
21.340500943362713	(32.6458854675293, 116.73382568359375, -27.76695442199707)	(0.770117998123169, 0.6378633379936218, -0.006968215573579073)	(5.321431636810303, 4.024290084838867, -0.009789926931262016)	-78.739397674799	0.15439097583293915	0	0	0.12976342658135276	0.12976342658135276	6.836800405389112	24	False	0	nan	1.6525863146762367
21.57450095191598	(33.9088020324707, 117.66896057128906, -27.768062591552734)	(0.7954586744308472, 0.6059573888778687, -0.007814723066985607)	(5.434934616088867, 3.9158120155334473, -0.011579835787415504)	-56.26418128609665	0.11032192409038544	0	0	0.06622907306499526	0.06622907306499526	6.682540613744264	24	False	0	nan	1.6425297351930832
21.809000961482525	(35.19649124145508, 118.56966400146484, -27.76801872253418)	(0.8139838576316833, 0.58082515001297, -0.008512060157954693)	(5.56052827835083, 3.78106427192688, 0.010335423052310944)	-45.289682373404496	0.08880329877138138	0	0	0.07051397412732086	0.07051397412732086	6.758333019633172	24	False	0	nan	1.6087736313593544
22.040750969201326	(36.487857818603516, 119.44108581542969, -27.768674850463867)	(0.8250916004180908, 0.564932644367218, -0.008649919182062149)	(5.634052276611328, 3.7444562911987305, -0.00078587606549263)	-20.43193493038456	0.040062617510557175	0	0	0.07679498667820284	0.07679498667820284	6.834670762334541	24	False	0	nan	1.5530003630682172
22.272750977426767	(37.793792724609375, 120.32699584960938, -27.769790649414062)	(0.8266984820365906, 0.5625811219215393, -0.008481372147798538)	(5.640770435333252, 3.8491506576538086, 0.012070827186107635)	11.493047587573706	-0.02253538742661476	0	0	0.07789215631353241	0.07789215631353241	6.814494193225904	25	False	0	nan	1.4900890346947697
22.50875099003315	(39.08579635620117, 121.2394027709961, -27.77288246154785)	(0.8188772201538086, 0.5738314986228943, -0.012547407299280167)	(5.267990589141846, 3.816957473754883, -0.0031494752038270235)	38.302928879857205	-0.07510378211736679	0	0	0	0	6.393222926397128	23	False	0	nan	1.4324101543970416
22.74550100415945	(40.32636260986328, 122.18597412109375, -27.77231788635254)	(0.8008517622947693, 0.5987989902496338, -0.008738641627132893)	(5.221440315246582, 4.217408180236816, -0.0013316350523382425)	82.6073521855894	-0.17269717156887054	0	0	0.12377568693211205	0.12377568693211205	6.8394441949124385	24	False	0	nan	1.3950599013292981
22.980751015245914	(41.50336837768555, 123.21745300292969, -27.775808334350586)	(0.7637678384780884, 0.6453896164894104, -0.011439261958003044)	(4.734327793121338, 4.5249528884887695, 0.008833317086100578)	124.94498670101163	-0.24499017000198364	0	0	0.01837981660239918	0.01837981660239918	6.397442271852789	24	False	0	nan	1.4110195401176169
23.214251022785902	(42.55937957763672, 124.28627014160156, -27.77452850341797)	(0.719758152961731, 0.6941218376159668, -0.011964406818151474)	(4.351799488067627, 4.637418746948242, -0.0046300385147333145)	105.77155753970128	-0.20739521086215973	0	0	0.03538722651144033	0.03538722651144033	6.152887139889709	23	False	0	nan	1.4682907556414633
23.449251033365726	(43.57909393310547, 125.41497039794922, -27.770992279052734)	(0.6846680641174316, 0.7288241386413574, -0.006708628032356501)	(4.336146831512451, 4.969663619995117, 0.001103131682612002)	64.9536006152629	-0.127360001206398	0	0	0.13737943009270626	0.13737943009270626	6.686857611823228	24	False	0	nan	1.5151782205056787
23.68550104647875	(44.60883712768555, 126.59737396240234, -27.76976776123047)	(0.6647817492485046, 0.7470040917396545, -0.007077401969581842)	(4.339290618896484, 5.025067329406738, -0.01183849573135376)	25.949143879136628	-0.05088067427277565	0	0	0.07581115698554775	0.07581115698554775	6.582449671325515	24	False	0	nan	1.5002534982902778
23.920501057058573	(45.627296447753906, 127.7818374633789, -27.76984214782715)	(0.6552873253822327, 0.7553425431251526, -0.007505215238779783)	(4.33411979675293, 5.085693359375, 0.006115041673183441)	17.220161072909864	-0.033765021711587906	0	0	0.07725992330881604	0.07725992330881604	6.6494257367867435	24	False	0	nan	1.4545657013228381
24.15450106561184	(46.646236419677734, 128.96803283691406, -27.76902198791504)	(0.652709424495697, 0.7575699687004089, -0.007631831802427769)	(4.38417911529541, 5.078303337097168, 0.015121526084840298)	-2.123366435990059	0.0041634635999798775	0	0	0.07838266557085172	0.07838266557085172	6.701737077759664	24	False	0	nan	1.406384281028778
24.390001077204943	(47.67467498779297, 130.17454528808594, -27.769804000854492)	(0.6494235992431641, 0.7603864669799805, -0.007840520702302456)	(4.342479228973389, 5.167380332946777, -0.01411830447614193)	13.982480205595655	-0.02741662785410881	0	0	0.07764832851710934	0.07764832851710934	6.758504347003609	24	False	0	nan	1.3552603396928635
24.624501086771488	(48.6767578125, 131.3988494873047, -27.77164649963379)	(0.6369486451148987, 0.770855188369751, -0.008877409622073174)	(4.1633453369140625, 5.323315143585205, -0.011378412134945393)	54.40073847770694	-0.10666811466217041	0	0	0.06702191331441809	0.06702191331441809	6.80846028870367	24	False	0	nan	1.3226415874785937
24.858501095324755	(49.621551513671875, 132.662109375, -27.772144317626953)	(0.6078807711601257, 0.7939674258232117, -0.009824523702263832)	(3.9012396335601807, 5.479147911071777, 0.004513691179454327)	70.54259151220339	-0.13831880688667297	0	0	0.059267907661447294	0.059267907661447294	6.782657413819935	24	False	0	nan	1.3412516742272738
25.09225110337138	(50.52378845214844, 133.94937133789062, -27.770254135131836)	(0.5826340317726135, 0.8126859068870544, -0.00889432430267334)	(3.824613094329834, 5.5084686279296875, -0.02048732526600361)	34.200338423252056	-0.0670594871044159	0	0	0.0739030251892927	0.0739030251892927	6.7774150320245745	24	False	0	nan	1.3840251788982791
25.32625111192465	(51.402503967285156, 135.25466918945312, -27.770809173583984)	(0.5642279386520386, 0.8255724906921387, -0.0087692029774189)	(3.712818145751953, 5.61851692199707, 0.005160002037882805)	39.145799651742045	-0.07675646990537643	0	0	0.07250844432766512	0.07250844432766512	6.706483539296919	24	False	0	nan	1.4276389699266414
25.559251118451357	(52.25942611694336, 136.57046508789062, -27.76938247680664)	(0.5507512092590332, 0.8346253037452698, -0.008595634251832962)	(3.6887497901916504, 5.655584335327148, 0.008431154303252697)	17.903018631041228	-0.03510395810008049	0	0	0.07716771212570783	0.07716771212570783	6.736760234710021	24	False	0	nan	1.4619674120961892
25.793001126497984	(53.10797119140625, 137.90757751464844, -27.769939422607422)	(0.5392840504646301, 0.8420817255973816, -0.00843263603746891)	(3.592268466949463, 5.742424964904785, 0.006794366054236889)	25.756650008261072	-0.050503235310316086	0	0	0.07584942322319088	0.07584942322319088	6.758780579091562	24	False	0	nan	1.476133926804348
26.026251133531332	(53.923397064208984, 139.26358032226562, -27.7713565826416)	(0.5207709074020386, 0.8536506295204163, -0.008848262950778008)	(3.4020919799804688, 5.873753547668457, -0.018255311995744705)	48.289879783987914	-0.09468603879213333	0	0	0.0694345540578547	0.0694345540578547	6.804388916866323	24	False	0	nan	1.4832816362300592
26.261251144111156	(54.693458557128906, 140.66217041015625, -27.77223777770996)	(0.49093544483184814, 0.8711456060409546, -0.009368658997118473)	(3.1399929523468018, 5.998424530029297, -0.012013643980026245)	63.48371408879776	-0.12447787076234818	0	0	0.06290525969047223	0.06290525969047223	6.719162322468005	24	False	0	nan	1.4991573672827352
26.49600115418434	(55.404727935791016, 142.07882690429688, -27.771373748779297)	(0.459151029586792, 0.888309121131897, -0.009342868812382221)	(2.927823543548584, 6.077142238616943, 0.010494451969861984)	56.353457495570225	-0.11049697548151016	0	0	0.06619041840943862	0.06619041840943862	6.8032697012802785	24	False	0	nan	1.5162056691598358
26.72975116223097	(56.074405670166016, 143.50613403320312, -27.770822525024414)	(0.4331727623939514, 0.9012689590454102, -0.008691875264048576)	(2.777482748031616, 6.146851539611816, -0.0020713359117507935)	41.35623224079613	-0.08109065145254135	0	0	0.07182430624700253	0.07182430624700253	6.797447308403626	24	False	0	nan	1.509207432835991
26.965251173824072	(56.698429107666016, 144.96408081054688, -27.773046493530273)	(0.40250906348228455, 0.9153656959533691, -0.009603388607501984)	(2.447981595993042, 6.23987340927124, 0.0002871335600502789)	79.34956887818238	-0.15558739006519318	0	0	0.05419256405270145	0.05419256405270145	6.746969509474148	24	False	0	nan	1.4806397035135395
27.1990011818707	(57.20989990234375, 146.40829467773438, -27.776180267333984)	(0.35067078471183777, 0.9364057183265686, -0.013202488422393799)	(1.866350769996643, 6.122991561889648, 0.0043110535480082035)	125.9674237239032	-0.2655535514189689	0	0	0.006221911707567029	0.006221911707567029	6.570651656475013	23	False	0	nan	1.4653629989179429
27.433501191437244	(57.5852165222168, 147.8600616455078, -27.774885177612305)	(0.2772338092327118, 0.9607454538345337, -0.01046809833496809)	(1.3342398405075073, 6.3031768798828125, -0.01864844560623169)	137.21519708633423	-0.26904940605163574	0	0	0.08121241710326199	0.08121241710326199	6.546799162898973	23	False	0	nan	1.4971355245168139
27.669251203536987	(57.88214111328125, 149.38259887695312, -27.770843505859375)	(0.2152276635169983, 0.976546585559845, -0.005828857421875)	(1.2027205228805542, 6.575265407562256, 0.00575653463602066)	71.9095833599594	-0.1409991830587387	0	0	0.13371923037676825	0.13371923037676825	6.742192609930752	24	False	0	nan	1.5315185868920689
27.90500121563673	(58.15107345581055, 150.94300842285156, -27.77045249938965)	(0.1820567101240158, 0.9832623600959778, -0.007105495780706406)	(1.0751534700393677, 6.594058036804199, 0.002035172190517187)	40.98814219236385	-0.08036890625953674	0	0	0.07194083890664582	0.07194083890664582	6.804285773370543	24	False	0	nan	1.524835617474941
28.14200123026967	(58.38424301147461, 152.5114288330078, -27.77108383178711)	(0.1552416831254959, 0.9878415465354919, -0.00832364708185196)	(0.8975030779838562, 6.637360095977783, -0.014858821406960487)	46.65863491592198	-0.09148751944303513	0	0	0.07003003378616035	0.07003003378616035	6.742638000425502	24	False	0	nan	1.4951777998799745
28.376751240342855	(58.556175231933594, 154.06927490234375, -27.77269744873047)	(0.12054437398910522, 0.99266117811203, -0.009636633098125458)	(0.5563017129898071, 6.658957004547119, 0.0027250549755990505)	79.19945418834693	-0.1552930474281311	0	0	0.05428406942048425	0.05428406942048425	6.585573304785383	24	False	0	nan	1.4705570165702402
28.610501248389482	(58.65138626098633, 155.61666870117188, -27.77244758605957)	(0.0759524554014206, 0.9970595836639404, -0.010162657126784325)	(0.28200939297676086, 6.57926082611084, 0.028368696570396423)	72.73235321044913	-0.14261245727539062	0	0	0.05806168702987491	0.05806168702987491	6.624617097897307	24	False	0	nan	1.4707052552330202
28.845001257956028	(58.683712005615234, 157.1575927734375, -27.772024154663086)	(0.035155970603227615, 0.9993358850479126, -0.009587216190993786)	(0.0072996653616428375, 6.557235240936279, -0.0027765976265072823)	67.7156876027584	-0.13277585804462433	0	0	0.060770571520513794	0.060770571520513794	6.484748641970339	24	False	0	nan	1.484593061857412
29.078751266002655	(58.6685791015625, 158.68695068359375, -27.771087646484375)	(0.0019089817069470882, 0.9999581575393677, -0.008942540735006332)	(-0.13074027001857758, 6.54276180267334, -0.019700845703482628)	47.49338552355774	-0.09312428534030914	0	0	0.06972786747985671	0.06972786747985671	6.56801250300928	24	False	0	nan	1.497788314480831
29.312501274049282	(58.61783981323242, 160.2146759033203, -27.7707576751709)	(-0.023984935134649277, 0.9996755719184875, -0.008570629172027111)	(-0.310005247592926, 6.550381660461426, -0.0010139811784029007)	41.79173067213704	-0.08194456994533539	0	0	0.07168508745647406	0.07168508745647406	6.557739739310005	24	False	0	nan	1.4983194700422933
29.54625128209591	(58.533485412597656, 161.7461395263672, -27.770349502563477)	(-0.046889737248420715, 0.9988632202148438, -0.008572658523917198)	(-0.4355654716491699, 6.555635929107666, 0.006524304859340191)	37.17521399259569	-0.07289257645606995	0	0	0.07308667229759602	0.07308667229759602	6.682495559063277	24	False	0	nan	1.4821394253182694
29.779251288622618	(58.41327667236328, 163.2735137939453, -27.770841598510742)	(-0.07019739598035812, 0.99749755859375, -0.008418861776590347)	(-0.6052703857421875, 6.5550312995910645, -0.02394031547009945)	42.16490484774109	-0.08267628401517868	0	0	0.07156463206144159	0.07156463206144159	6.5868284845244744	24	False	0	nan	1.4490780467468527
30.012501295655966	(58.23923110961914, 164.79701232910156, -27.773178100585938)	(-0.1030290275812149, 0.9946337342262268, -0.009426528587937355)	(-0.9158667325973511, 6.470497131347656, -0.006228114012628794)	82.6747263323319	-0.1628572940826416	0	0	0.051877501764080014	0.051877501764080014	6.568450420356563	24	False	0	nan	1.4132833961423508
30.246251303702593	(57.97671127319336, 166.28607177734375, -27.7742862701416)	(-0.15587040781974792, 0.9877141118049622, -0.011194879189133644)	(-1.3144018650054932, 6.283703327178955, -0.005211412440985441)	101.89492195844636	-0.1997939646244049	0	0	0.038482371699662066	0.038482371699662066	6.384732769369807	23	False	0	nan	1.4092565553306726
30.482001315802336	(57.608238220214844, 167.76654052734375, -27.77373695373535)	(-0.2194727212190628, 0.9755820631980896, -0.008457468822598457)	(-1.8236949443817139, 6.286724090576172, -0.005345543846487999)	119.39210906621496	-0.23410217463970184	0	0	0.0987961718289625	0.0987961718289625	6.581572406450587	24	False	0	nan	1.4440872566490137
30.719251330941916	(57.1407585144043, 169.2330322265625, -27.7737979888916)	(-0.2816300392150879, 0.9594730138778687, -0.00979001633822918)	(-2.1014821529388428, 6.014726638793945, -0.0016989937284961343)	99.3404862284662	-0.19478526711463928	0	0	0.04045869971507865	0.04045869971507865	6.308171537619063	23	False	0	nan	1.502309404684187
30.955501344054937	(56.60219955444336, 170.6682891845703, -27.771928787231445)	(-0.3327006697654724, 0.94300776720047, -0.006832507438957691)	(-2.4543261528015137, 6.16195821762085, -0.017737586051225662)	86.0922007262708	-0.1688082367181778	0	0	0.1251037792160996	0.1251037792160996	6.542978010664722	24	False	0	nan	1.5505574864026344
31.1920013576746	(55.973785400390625, 172.08456420898438, -27.77542495727539)	(-0.38794073462486267, 0.9216240048408508, -0.01054058875888586)	(-2.831447124481201, 5.765998840332031, -0.02073991671204567)	118.80239591002449	-0.23294587433338165	0	0	0.024136219631056388	0.024136219631056388	6.508712688218392	23	False	0	nan	1.5890475200183762
31.42800137028098	(55.2474365234375, 173.4354248046875, -27.77391815185547)	(-0.4517015218734741, 0.8921279311180115, -0.008570616133511066)	(-3.303044319152832, 5.660914421081543, 0.008951883763074875)	120.89972376822817	-0.23705828189849854	0	0	0.09740337098333196	0.09740337098333196	6.656055496316048	24	False	0	nan	1.6262708327927529
31.662751380354166	(54.42906951904297, 174.70126342773438, -27.77724838256836)	(-0.5197156071662903, 0.8542449474334717, -0.012702812440693378)	(-3.637392282485962, 5.044802188873291, 0.004495147615671158)	147.27790832519528	-0.28878021240234375	0	0	0	0	6.388640220052134	22	False	0	nan	1.6451668407655085
31.89725138992071	(53.51301956176758, 175.8484344482422, -27.776615142822266)	(-0.5957316756248474, 0.8031198978424072, -0.010108954273164272)	(-4.2617106437683105, 4.749418258666992, -0.01723579876124859)	186.66182219982136	-0.3660035729408264	0	0	0.09164138459454918	0.09164138459454918	6.088161307156962	23	False	0	nan	1.655354161835897
32.133001402020454	(52.47096633911133, 176.8757781982422, -27.778535842895508)	(-0.6807190179824829, 0.7324283123016357, -0.013055716641247272)	(-4.547542095184326, 3.9456539154052734, 0.026687702164053917)	195.52972555160525	-0.3833916187286377	0	0	0.006610866688634864	0.006610866688634864	6.0468042850030255	22	False	0	nan	1.6615954901112877
32.3687514141202	(51.34972381591797, 177.7688751220703, -27.77554702758789)	(-0.7520772814750671, 0.6590139269828796, -0.008973578922450542)	(-5.006289005279541, 3.609517812728882, -0.0010674832155928016)	178.76470595600756	-0.3505190312862396	0	0	0.10273640870615619	0.10273640870615619	6.137843367028135	22	False	0	nan	1.6485901343836131
32.601501420140266	(50.131324768066406, 178.56361389160156, -27.775466918945312)	(-0.8140918016433716, 0.5806963443756104, -0.006801318377256393)	(-5.502263069152832, 3.2185263633728027, 0.021854659542441368)	176.43103837966936	-0.3459432125091553	0	0	0.10592329371884546	0.10592329371884546	6.384349532990777	23	False	0	nan	1.6211276747986156
32.83625143021345	(48.81327819824219, 179.26658630371094, -27.77437973022461)	(-0.8643652200698853, 0.5028076767921448, -0.007571202237159014)	(-5.7257490158081055, 2.7782208919525146, -0.007243593223392963)	144.64502960443494	-0.28361770510673523	0	0	0.07316099734998893	0.07316099734998893	6.368435204491561	23	False	0	nan	1.5902068695851648
33.071001440286636	(47.43389129638672, 179.8737335205078, -27.77410316467285)	(-0.9023531079292297, 0.4309287667274475, -0.0076954299584031105)	(-5.963970184326172, 2.355103015899658, -0.0010427571833133698)	134.73006963729873	-0.264176607131958	0	0	0.08381072024424707	0.08381072024424707	6.408351092173035	23	False	0	nan	1.5598982955463578
33.30675145238638	(45.98798370361328, 180.3907470703125, -27.773210525512695)	(-0.932074248790741, 0.36220303177833557, -0.006834607105702162)	(-6.2534403800964355, 2.0073678493499756, -0.012539470568299294)	119.76708814501755	-0.23483742773532867	0	0	0.09845138253465424	0.09845138253465424	6.568854524279822	24	False	0	nan	1.5445967313624374
33.541751462966204	(44.5137825012207, 180.8330535888672, -27.77182388305664)	(-0.9514469504356384, 0.30770954489707947, -0.007972711697220802)	(-6.270720481872559, 1.7753068208694458, -0.019579222425818443)	71.65540739893909	-0.14050079882144928	0	0	0.05865952553053466	0.05865952553053466	6.519777653967284	23	False	0	nan	1.5340491059774706
33.77425146847963	(43.02591323852539, 181.2305145263672, -27.7702693939209)	(-0.962460994720459, 0.2713613212108612, -0.0056405821815133095)	(-6.562257766723633, 1.6557456254959106, -0.016381345689296722)	58.26686762273326	-0.11424876004457474	0	0	0.1405472208282772	0.1405472208282772	6.746509294369056	24	False	0	nan	1.511991182159733
34.00775147601962	(41.476402282714844, 181.5941162109375, -27.77079963684082)	(-0.9709263443946838, 0.2392619252204895, -0.007465462200343609)	(-6.627197265625, 1.4675426483154297, 0.0010412996634840965)	51.54462173581126	-0.10106788575649261	0	0	0.06818528246871258	0.06818528246871258	6.811451223433236	24	False	0	nan	1.492016129358528
34.24175148457289	(39.918663024902344, 181.9253387451172, -27.770065307617188)	(-0.9764829874038696, 0.21544186770915985, -0.008102286607027054)	(-6.658000946044922, 1.3992764949798584, -0.017020948231220245)	28.17703463137161	-0.055249087512493134	0	0	0.07534753832903696	0.07534753832903696	6.793025638419946	24	False	0	nan	1.472470939194963
34.474751491099596	(38.36158752441406, 182.23789978027344, -27.769588470458984)	(-0.9794964790344238, 0.20128700137138367, -0.00838137324899435)	(-6.699248790740967, 1.3317509889602661, 0.01320482324808836)	19.680213667452236	-0.03858865424990654	0	0	0.07691091576318121	0.07691091576318121	6.835646106396019	25	False	0	nan	1.4506370809263682
34.708001498132944	(36.83124923706055, 182.5278778076172, -27.771663665771484)	(-0.9816991686820984, 0.19002488255500793, -0.012543083168566227)	(-6.389774322509766, 1.1837230920791626, 0.0008119638659991324)	17.80691038817156	-0.034915510565042496	0	0	0	0	6.540279875828788	23	False	0	nan	1.4374416987201732
34.94175150617957	(35.30895233154297, 182.8059539794922, -27.76882553100586)	(-0.9831655621528625, 0.18256869912147522, -0.007364274933934212)	(-6.688126564025879, 1.2143750190734863, -0.005558372475206852)	9.459558203816266	-0.018548153340816498	0	0	0.15325596600764557	0.15325596600764557	6.902070157547171	24	False	0	nan	1.4373815822240963
35.17600151523948	(33.73213195800781, 183.09371948242188, -27.768753051757812)	(-0.9835186004638672, 0.18065723776817322, -0.007354718632996082)	(-6.728765964508057, 1.2447113990783691, 0.0032384349033236504)	-1.2850943673402706	0.002519792877137661	0	0	0.0783936506438564	0.0783936506438564	6.90435587067622	25	False	0	nan	1.4540512081968764
